10
2
18 2
2 9
13 14
6 19
4
4 7 16 2
20 18 8 4
14 14 2 19
4 10 13 8
18 5 4 5
7 19 2 13
6 15 3 11
13 13 4 2
3
7 5 17
19 10 14
17 10 14
2 9 10
19 9 13
16 6 16
2
20 10
2 17
8 2
18 19
3
8 8 18
18 14 5
18 14 2
1 10 4
13 16 13
9 7 9
5
19 7 4 8 13
14 13 10 7 3
17 4 4 15 2
19 8 17 16 5
13 2 4 6 5
11 18 19 6 14
16 6 11 11 20
16 9 18 6 6
14 13 8 13 15
13 2 14 20 5
10
15 14 2 14 19 17 17 8 18 19
4 2 7 15 19 7 3 20 10 15
9 8 18 14 11 19 4 7 6 5
12 12 18 18 6 11 15 19 19 20
6 19 16 7 3 11 2 8 11 20
8 8 10 4 2 3 17 12 5 11
1 18 13 20 14 14 13 16 16 6
6 6 8 17 12 17 10 17 8 12
4 13 5 7 18 10 4 8 6 2
5 16 18 8 12 14 14 10 8 13
5 8 12 9 5 9 15 5 18 15
8 6 14 10 6 19 15 20 5 8
19 12 17 6 20 2 11 13 5 3
10 19 20 14 2 16 20 17 6 8
1 5 20 6 18 2 17 10 4 11
19 1 5 19 18 12 17 1 11 17
16 18 12 7 19 16 12 14 11 19
18 9 8 13 11 16 12 9 3 10
19 10 16 2 18 6 8 11 7 6
3 2 12 19 4 16 9 3 14 14
1
6
19
10
11 20 15 6 4 20 10 4 17 20
18 15 6 2 16 1 9 3 17 1
16 15 15 1 20 5 11 20 15 17
14 3 2 5 8 8 9 20 2 13
8 13 18 9 1 1 1 10 9 8
6 6 11 14 18 9 18 13 7 6
7 8 2 18 18 12 19 8 4 4
9 9 14 6 1 7 7 19 11 7
7 13 18 5 1 7 20 20 1 3
8 16 18 8 2 14 19 14 15 2
5 18 14 16 4 16 13 16 8 18
4 7 12 5 2 19 2 15 16 9
8 18 8 12 3 15 11 20 3 10
7 5 13 20 20 12 5 18 8 20
12 4 6 6 12 15 9 2 19 19
2 13 5 17 14 16 19 2 15 19
14 13 14 19 13 16 2 13 19 5
16 19 7 16 15 14 11 16 11 1
14 20 17 13 7 18 2 14 20 4
7 9 8 3 1 1 1 18 18 12
2
12 19
12 8
7 2
18 17
