10
44
3 14 1 6 19 1 6 8 6 13 7 3 15 17 3 7 5 13 4 8 14 1 10 7 1 2 16 1 14 1 10 12 2 15 6 1 17 13 18 1 19 8 7 20
10
11
4 1 4 5 10 15 1 14 5 3 19
4
48
9 12 8 15 10 3 15 11 3 1 19 17 6 8 13 20 6 17 16 11 19 16 18 1 11 15 4 14 20 20 16 20 3 7 2 14 11 7 3 12 6 7 11 16 1 19 9 14
14
22
6 19 5 6 7 16 2 17 10 12 19 12 5 15 15 10 10 1 5 9 3 2
13
29
14 15 19 12 14 16 18 8 11 11 20 2 19 7 16 8 6 9 7 10 19 14 10 15 17 6 10 7 16
9
20
5 15 14 2 17 19 4 4 12 11 2 16 17 10 19 9 1 12 4 20
8
38
14 3 15 11 17 5 10 15 15 15 10 4 11 9 13 13 2 11 1 3 7 5 6 18 4 14 5 14 16 17 18 10 10 3 9 12 15 8
2
4
17 1 4 4
3
4
8 14 4 14
2
17
18 9 16 13 7 17 13 15 15 12 5 13 17 13 4 13 8
16
