10
37
11 10 5 30 27 20 31 47 31 19 10 15 12 46 46 49 2 48 24 12 6 15 2 35 31 23 7 34 16 42 25 3 21 1 28 27 29
12
40 44 48 7 14 22 18 28 48 43 37 12
36
34 21 39 32 15 6 5 16 37 1 21 31 33 4 21 7 40 36 12 31 26 34 4 41 25 33 4 42 5 19 43 4 21 50 38 30
46
22 42 42 44 8 10 43 15 3 28 16 43 47 5 41 49 42 20 15 20 1 32 2 30 47 26 34 30 37 10 43 16 43 46 47 26 11 21 11 17 26 13 8 27 28 21
7
25 38 30 42 3 34 4
28
20 32 35 11 25 47 44 27 31 49 4 30 49 27 34 15 32 16 12 34 12 8 49 1 41 2 10 33
26
12 38 18 48 43 25 15 25 7 5 44 6 48 21 33 47 30 32 9 2 19 28 29 14 34 35
5
45 19 15 38 49
11
36 2 25 50 15 33 41 40 43 37 48
27
26 31 4 41 22 17 22 26 17 15 24 25 11 41 45 19 39 47 28 5 3 43 48 11 20 48 28