10
37
12 4 19 20 14 6 5 13 18 10 6 16 17 5 2 5 17 11 19 19 6 18 10 17 6 19 4 16 4 5 15 10 6 1 17 2 12
40
15 6 19 18 18 8 18 9 17 10 18 7 9 17 19 8 6 19 4 1 2 19 7 4 14 10 13 16 3 4 17 5 1 14 11 5 1 6 18 3
19
3 3 15 16 6 3 12 20 7 8 13 9 17 18 15 14 19 5 7
28
5 13 5 20 9 4 13 3 10 4 10 5 7 17 14 15 6 12 18 20 15 8 6 15 20 15 1 10
30
3 8 8 7 19 7 3 4 6 15 11 8 13 9 13 8 17 18 6 6 4 16 3 5 12 9 5 13 3 19
40
6 12 16 11 10 6 12 3 13 8 15 12 17 20 9 20 3 12 15 2 11 6 9 14 10 18 20 16 14 16 18 16 16 1 20 8 19 14 18 13
28
15 10 20 5 6 19 13 8 17 20 16 19 13 19 5 19 11 8 20 19 13 1 19 8 7 10 14 10
24
15 5 7 6 10 15 6 5 2 14 15 16 13 11 2 20 4 6 9 3 14 15 9 6
18
17 6 4 6 17 10 6 17 16 7 18 19 17 8 6 5 2 16
19
11 3 16 6 14 13 13 2 15 18 10 19 18 17 16 3 4 15 1
