10
9
8 10 16 13 20 15 16 5 9
15 15 17 16 19 19 6 3 18
1 2 4 5 6 14 19 7 12
19 2 13 4 9 11 4 7 17
3 17 19 17 12 10 1 15 5
2 3 18 14 1 14 16 16 12
11 18 4 10 4 1 2 16 16
4 13 2 19 5 14 13 17 8
10 19 9 13 10 11 20 4 7
6
18 11 17 14 10 15
14 1 7 16 8 13
14 8 20 3 1 15
15 15 11 20 6 19
16 3 7 5 19 12
2 7 11 7 4 13
3
15 17 5
9 17 18
15 11 5
10
7 2 19 3 19 1 3 8 11 3
3 10 4 18 18 11 20 19 3 4
18 11 13 12 16 18 20 20 2 15
8 14 9 10 9 2 19 6 18 1
9 11 4 12 4 17 2 1 4 13
10 12 3 14 3 6 14 4 8 9
18 12 19 13 5 19 2 19 14 10
1 5 20 20 3 18 6 10 10 19
11 17 3 7 4 14 13 9 10 13
8 1 3 17 6 7 10 4 8 15
6
20 12 7 18 17 20
7 17 3 10 10 14
14 19 9 6 13 2
20 7 1 2 5 2
14 4 12 10 14 9
12 19 1 13 11 6
3
20 3 11
9 8 16
20 4 10
6
1 8 17 5 1 15
7 8 8 12 13 16
14 16 12 2 14 6
3 14 17 1 17 2
9 4 1 11 16 11
19 2 15 10 7 6
2
11 4
5 13
4
15 5 18 15
18 19 17 20
12 1 1 8
19 12 17 16
3
20 11 6
16 16 8
2 16 12
